toronto_turnpike = [[4.586464490373379, 1.306596680817612],
[4.491810421578495, 1.3332132699266936],
[4.3968202000469, 1.3586186669517355],
[4.301505261372165, 1.3828311728282585],
[4.205924703115308, 1.4059427204112744],
[4.110168107920364, 1.4282044645416023],
[4.014259773866057, 1.44987737783297],
[3.9182285164049526, 1.4712096054880754],
[3.8222164175271427, 1.492485135246249],
[3.726400764514447, 1.5142948387074615],
[3.63078889489781, 1.5371861923456316],
[3.5353476075199612, 1.561311877362448],
[3.4402814057623834, 1.5864883341278204],
[3.345631651646086, 1.6122992895088017],
[3.2496819902386367, 1.638343595060353],
[3.153400295816107, 1.6635030859526752],
[3.0572499458286315, 1.6883078873576562],
[2.9622229018746378, 1.7162176820077535],
[2.8686863454823754, 1.7483754864298824],
[2.778568228855, 1.7850327865676658],
[2.69087345348414, 1.8274380639594527],
[2.6078205884811574, 1.875927969797336],
[2.5246678381841376, 1.9280572948948131],
[2.4428209838071093, 1.982432453946878],
[2.3617723885909077, 2.037953661519083],
[2.2803699795758985, 2.0933475632200964],
[2.199308187797101, 2.1496034224848675],
[2.118746297320381, 2.2060937005472354],
[2.037038352238225, 2.260666313520141],
[1.9519827764401072, 2.3094658238813484],
[1.860314904514092, 2.3436745272847066],
[1.7631569695099996, 2.356752686954258],
[1.6657607263777265, 2.3435347483384703],
[1.5735151081600884, 2.308287360156491],
[1.488365088702382, 2.257898974886875],
[1.4078100061135643, 2.2007841745799612],
[1.3360758184248, 2.1341358682695857],
[1.2807897149103025, 2.054038631164142],
[1.2529442270739088, 1.9609692031889399],
[1.247143795080498, 1.8632145016641914],
[1.255996392987672, 1.7652796618732673],
[1.2777596584174526, 1.6692414644863083],
[1.3108654075518997, 1.5765081319074343],
[1.3528538661576182, 1.487549422376491],
[1.398114965442651, 1.4000361769164624],
[1.4449428644406326, 1.31337797313305],
[1.493181864193311, 1.2278229873659627],
[1.5432334522189577, 1.143154393374666],
[1.595209899152814, 1.0596168756549587],
[1.6493309168709767, 0.9775372268897509],
[1.7063291770397016, 0.8974596276629432],
[1.767100709479712, 0.820165773246839],
[1.8325260963987438, 0.7467912533848432],
[1.9022573783370444, 0.6775046482959516],
[1.9742031006889442, 0.61053391527483],
[2.0472958137694883, 0.5446774898567169],
[2.1211146777068177, 0.4796493887260105],
[2.1949058116536895, 0.4149579296889032],
[2.2677871251652846, 0.3490326528733037],
[2.34094299389929, 0.282764807537875],
[2.4131513368697495, 0.21587153617963148],
[2.484077838715222, 0.14781888065171148],
[2.5529990133286278, 0.07780125256452504],
[2.61780918626917, 0.0039991412637259],
[2.6730136478465103, -0.0764530867122797],
[2.7200139457753076, -0.16080356184476294],
[2.7588360564784624, -0.24922211693550697],
[2.7844011823012917, -0.3432931151459937],
[2.802399724599279, -0.4397799117983332],
[2.81448028429616, -0.5376038596294238],
[2.821997531107068, -0.6357347775820007],
[2.8307920315342767, -0.7333950977528141],
[2.848100031520036, -0.8296261883888253],
[2.882726239726432, -0.9211728578757983],
[2.931312350364526, -1.0068494776427899],
[2.98628762839247, -1.0882747849843173],
[3.042978199267464, -1.168253928110665],
[3.1026046480152725, -1.2465073996483982],
[3.1651987763114087, -1.3225582633854862],
[3.230196191459332, -1.3962228036823634],
[3.2980385744896497, -1.4671768817499211],
[3.3695483437834493, -1.5347878209728065],
[3.4441642128532757, -1.5989663016497135],
[3.520692367935007, -1.6603607684867498],
[3.598604996658493, -1.720202696461683],
[3.6776279960978187, -1.7793200906057927],
[3.757503260394463, -1.8372040014223263],
[3.837451054592985, -1.8951918252550572],
[3.9185441264695737, -1.950932880646829],
[4.006488173180878, -1.9921537984568234],
[4.10121678003127, -2.0072555348471233],
[4.194510989231552, -1.9882817908311594],
[4.278121690269616, -1.9422737551125262],
[4.35614480320906, -1.8862535209610989],
[4.4355690716350225, -1.8303435913355783],
[4.520352012316932, -1.780996891515027],
[4.610569671649054, -1.7415345163213587],
[4.7044867844840885, -1.7127838468519747],
[4.799498842109437, -1.6896572309839055],
[4.897057051091761, -1.6789693068707512],
[4.995112884356768, -1.674552483376277],
[5.09343984540193, -1.6762721542835044],
[5.190282271259941, -1.6898920274069935],
[5.28576549999327, -1.7103146769035185],
[5.380264055600457, -1.7370982847488194],
[5.471333683646995, -1.7749571759079426],
[5.559924352356908, -1.8173696867557745],
[5.646733761372447, -1.8634580606344948],
[5.732043719327472, -1.912667849989877],
[5.817042924600127, -1.9617061032792282],
[5.9032417506921835, -2.0076921844356685],
[5.993847279440262, -2.0434295697277296],
[6.089836166581626, -2.061277699359732],
[6.18813110126638, -2.060495057616191],
[6.286046704145249, -2.0485998172112714],
[6.383645504610063, -2.0349603847333695],
[6.481345674235003, -2.027964254372063],
[6.57849083762709, -2.0282896394392655],
[6.675430015917719, -2.03604299240785],
[6.771029085994518, -2.0558963650273183],
[6.864505992434448, -2.085598559128301],
[6.954894003652523, -2.123815826714694],
[7.041264518769921, -2.170087321645464],
[7.12180580995413, -2.225331287123142],
[7.200640254740307, -2.2831284093853337],
[7.2801359608850635, -2.340895186432356],
[7.363581400953364, -2.3924162227550765],
[7.454422808390824, -2.4294489556258956],
[7.550022721222456, -2.4525549694747895],
[7.6479176659290005, -2.461391480116423],
[7.746202037478716, -2.457465478640887],
[7.84411170854099, -2.445640723887986],
[7.940890670306915, -2.4283481154544835],
[8.036146107120777, -2.404805429584329],
[8.127570403772248, -2.369584944991837],
[8.210340910607345, -2.3198592377934895],
[8.287087055570893, -2.2591783750443337],
[8.355355330566592, -2.188274262857714],
[8.418221388288137, -2.1103296150972337],
[8.476958529100923, -2.0307603113601465],
[8.534114543651887, -1.9509473971036035],
[8.586412191067875, -1.8681940569808007],
[8.628806075638462, -1.7803014285634344],
[8.65791236699806, -1.6870191971788178],
[8.675501689369863, -1.5904685625476276],
[8.68640364395067, -1.4926834288474893],
[8.69023085442145, -1.3943913889061543],
[8.685328680892274, -1.2962879560593124],
[8.669398412651118, -1.1993682703220947],
[8.63734673822919, -1.1065966776732066],
[8.59027794566848, -1.0201999278822842],
[8.523783443194066, -0.9477410041996857],
[8.441974067631028, -0.8931207136806182],
[8.347425697260084, -0.867676638603192],
[8.249503786951665, -0.8689090275968209],
[8.153431739619073, -0.8855071552591302],
[8.058489503028001, -0.9053565151575902],
[7.962695388778074, -0.9175307280656547],
[7.86577594705748, -0.9175206139117468],
[7.768830344104602, -0.9065533134634012],
[7.672674221004828, -0.8866881987945664],
[7.578417927347751, -0.858592684949933],
[7.487589955645884, -0.8224417969549722],
[7.399943531976152, -0.7800951385481373],
[7.314380192553387, -0.7334730082704708],
[7.230628801992472, -0.6822733969070225],
[7.1486989779179515, -0.6276587896351029],
[7.0685589918672855, -0.570212517374534],
[6.990472106463707, -0.5101786703429421],
[6.914291281379985, -0.44778770848542643],
[6.841339003436285, -0.38176933535611784],
[6.766102104393885, -0.3139884243862521],
[6.696371693176271, -0.2468344707375066],
[6.6291047479590945, -0.17438974309233893],
[6.569942121864797, -0.10104050142608167],
[6.517212680393041, -0.020746580571151446],
[6.473409898992972, 0.0649757213470247],
[6.438941760331598, 0.15566465514287156],
[6.412864676850089, 0.2492591728572645],
[6.388758461381129, 0.34276563787181064],
[6.358486289903081, 0.4336626258591421],
[6.313759828610206, 0.5182263866582805],
[6.250671166283196, 0.5912205390845083],
[6.175151827701434, 0.6528562247530258],
[6.096527874008456, 0.710929355709983],
[6.014905192240596, 0.7643948067895947],
[5.928665058225648, 0.8109433935107123],
[5.839563032282147, 0.8515805867812513],
[5.751105668523391, 0.895371218830422],
[5.668849709841069, 0.9348611082216751],
[5.583172462453088, 0.9742068940794438],
[5.50003703486532, 1.0093844343115668],
[5.416233062744141, 1.0402339696884155],
[5.416233062744141, 1.0402339696884155],
[5.328315713890679, 1.0702726891746168],
[5.240061644076103, 1.0993558052777064],
[5.148095216280985, 1.1297097281670232],
[5.055220574480914, 1.1602580791572972],
[4.962262960182316, 1.1905483414640654],
[4.868646770335658, 1.2206352449552154],
[4.774847230099415, 1.2501390286825194],
[4.680799130479161, 1.2788531929142186],
[4.586464490373379, 1.306596680817612]]